# b_mean_x - b_mean_y - b_std_x - b_std_y - energy - energy_std - sigma_energy_x - sigma_energy_y
0.000000000000000000e+00 2.966894175455665472e-01 0.000000000000000000e+00 2.395972120451089868e-05 1.660311271737203054e+00 1.255188664194275498e-04 -4.440892098500626162e-16 -1.109840599422540208e-07
1.636048934441171609e-01 3.376832372163523499e-01 2.599207980689113832e-05 1.593618913221587816e-05 3.582105970139371820e+00 3.458877827423994513e-04 -5.576801109796747369e-08 -4.989784363473859230e-08
1.616745606607066510e-01 3.714623739926006252e-01 1.465746482795376529e-05 2.494280254682588338e-05 5.946452998551063018e+00 4.924455204557731973e-04 8.473238555239959169e-08 2.117314883420817750e-07
1.593331510379175919e-01 3.686995276211389450e-01 2.024708490153974533e-05 1.903704273066170871e-05 5.869581468629559318e+00 3.666872130298543713e-04 -5.252657775400848550e-08 -3.678217019853491365e-08
3.442161857282879378e-01 3.028478704588663528e-01 1.756076701790102088e-05 2.760256570891003221e-05 6.009447402872268640e+00 6.067307449990372737e-04 7.444596938910308381e-09 -1.517852625809723577e-07
1.683284123685758749e-01 3.866786836241754011e-01 1.546606586580192864e-05 2.579188704617583911e-05 8.666944245050460793e+00 5.868315722647254136e-04 9.753899377074048971e-08 7.891979336704935122e-08
1.744080450844511521e-01 3.970664087645939810e-01 2.749242205810037992e-05 2.670105870528255543e-05 1.179992868731870281e+01 6.515551877333489996e-04 -2.471155049477147259e-07 -4.273369125229464771e-07
0.000000000000000000e+00 3.851947758176715864e-01 0.000000000000000000e+00 3.639203072596864427e-05 3.000575606284110908e+00 1.557634601789646288e-04 0.000000000000000000e+00 4.959333432807966346e-08
2.141457117607918903e-01 4.553270747984466960e-01 1.334585204006664463e-05 3.369804088413460072e-05 6.366511955758850760e+00 5.740631646595270978e-04 1.140969185797757746e-08 2.087155621666170191e-07
2.206331509663873036e-01 5.023360686514879436e-01 3.321139548085270797e-05 3.221988479374029307e-05 1.040422378593685870e+01 8.408040908325886383e-04 8.767645276464008930e-08 9.888481677933214087e-08
2.067828698396366460e-01 5.074819914607557880e-01 2.214821046024614631e-05 2.075887976721279201e-05 1.027435566581992887e+01 6.316485842400274041e-04 -2.623013983793498483e-08 -6.076457559345271875e-08
4.927847707072218753e-01 4.037757767967316003e-01 1.118702224207056780e-05 3.663692729595321898e-05 1.052344225098208952e+01 9.243494151400604396e-04 1.491982537515923468e-08 2.185363605633483530e-07
2.242792849934120425e-01 5.291135266665742964e-01 3.359984254439490360e-05 3.121333038316672785e-05 1.497501857840291883e+01 9.875239075337392640e-04 -6.252609630053029832e-08 -6.075631375779266818e-08
2.341776465838516230e-01 5.436065386148430933e-01 2.521419576445309933e-05 3.860467970940270643e-05 2.018202046271204253e+01 1.115629521421320977e-03 7.346998387447456480e-08 6.849967206790097407e-07
