# energy_now energy_error b_upup b_updown derivative_upup derivative_updown
6.009304177764125399e+00 1.920044357212743959e-04 3.452999999999999958e-01 3.029999999999999916e-01 4.515979590280493907e-04 1.906182944821921193e-03
6.009855743754191515e+00 1.922679287092605440e-04 3.452638721632777519e-01 3.028475053644142378e-01 -5.671738634305256032e-05 2.903136930854088426e-03
6.009411916339784554e+00 1.924059833827321091e-04 3.452684095541851961e-01 3.026152544099459107e-01 7.359481024593604896e-04 4.545888110385475924e-04
6.009652494869773598e+00 1.924928911691095080e-04 3.452095337059884472e-01 3.025788873050628269e-01 -5.667851077362229262e-04 -1.008355621223699927e-03
6.009786534068982000e+00 1.936154445902783111e-04 3.452548765146073451e-01 3.026595557547607229e-01 -7.924532141601048352e-05 2.442881008590802594e-03
6.009521154020178280e+00 1.918768452290244161e-04 3.452612161403206259e-01 3.024641252740734587e-01 1.490907841628086317e-04 -3.167562478978424700e-03
6.009489194255949407e+00 1.909510607794989419e-04 3.452492888775876012e-01 3.027175302723917327e-01 3.855469721258941176e-04 6.692713228062529239e-03
6.009747950808068673e+00 1.915451076385119510e-04 3.452184451198175297e-01 3.021821132141467303e-01 6.701097454708814264e-04 -7.168615479002936851e-03
6.009411900445146948e+00 1.925226295133009274e-04 3.451648363401798592e-01 3.027556024524669653e-01 7.072484820014324214e-05 -5.081888865277051082e-03
6.009301724502154940e+00 1.917409913320774931e-04 3.451591783523238477e-01 3.031621535616891294e-01 7.848385941144896431e-04 3.819229466017759044e-03
6.009667301368811110e+00 1.919529368253993277e-04 3.450963912647946885e-01 3.028566152044077087e-01 5.849102535648853518e-04 -2.584220837320572173e-03
6.009517153993304106e+00 1.920304469986085542e-04 3.450495984445094977e-01 3.030633528713933544e-01 -7.722977812818498933e-05 -1.306689245694769852e-03
6.009673787178849480e+00 1.934110868198716539e-04 3.450557768267597525e-01 3.031678880110489360e-01 4.471978343190130545e-06 2.973104074044385491e-03
6.009700375282177376e+00 1.915027624285768940e-04 3.450554190684922973e-01 3.029300396851253852e-01 2.119564967983933186e-04 -1.604676036492946661e-03
6.009607580582353670e+00 1.921726877968401822e-04 3.450384625487484258e-01 3.030584137680448209e-01 3.948073867832135333e-04 3.196382092340854363e-03
6.009714085698577790e+00 1.926550324217200035e-04 3.450068779578057687e-01 3.028027032006575525e-01 3.441751772470524342e-04 -2.604642190817685332e-03
6.009829765463584828e+00 1.917934444211344945e-04 3.449793439436260045e-01 3.030110745759229673e-01 9.687185276163744500e-04 2.905754126203418785e-03
6.009596016525120987e+00 1.921463944641422041e-04 3.449018464614166946e-01 3.027786142458266938e-01 1.200596955186483548e-04 3.635199252727260976e-03
6.009591521908411060e+00 1.948185200743530261e-04 3.448922416857752027e-01 3.024877983056085129e-01 -1.852351161346632309e-04 -2.577186553054389151e-03
6.009525012537373811e+00 1.926531138682693737e-04 3.449070604950659757e-01 3.026939732298528640e-01 3.084593025448612025e-04 9.101050579829460556e-04
6.010250536406210209e+00 1.924138903067151266e-04 3.448823837508623869e-01 3.026211648252142283e-01 5.800607105754806980e-04 1.108003289118641987e-03
6.009820321225332940e+00 1.939279639951708132e-04 3.448359788940163484e-01 3.025325245620847370e-01 -3.664092140809315792e-04 4.909797013397109599e-05
6.009675374617400756e+00 1.948376464273439770e-04 3.448652916311428229e-01 3.025285967244740193e-01 3.095080636228431104e-04 1.551521844334047056e-03
6.009550602564313060e+00 1.911026024567821758e-04 3.448405309860529955e-01 3.024044749769272955e-01 2.105196017510024560e-04 5.422062798743353659e-06
6.009248433219043228e+00 1.931319099997005440e-04 3.448236894179129153e-01 3.024040412119033960e-01 -6.006825259419201757e-04 -6.269161900718244439e-03
6.009548940742297063e+00 1.921343445574648357e-04 3.448717440199882689e-01 3.029055741639608557e-01 8.500575354730698389e-04 4.041655810027577900e-03
6.009649725436372769e+00 1.914911852482475280e-04 3.448037394171504233e-01 3.025822416991586494e-01 -2.255041486876052388e-04 -3.363745726403521551e-03
6.009546576585475641e+00 1.911666705191730005e-04 3.448217797490454317e-01 3.028513413572709312e-01 -2.240799545916160880e-04 1.340833044594091699e-03
6.009760795509786035e+00 1.910789087279287507e-04 3.448397061454127610e-01 3.027440747137034038e-01 6.274396113781222084e-04 -4.328487790417056571e-04
6.009591322970633698e+00 1.911535631322454560e-04 3.447895109765025112e-01 3.027787026160267403e-01 2.271880461535147062e-04 -1.165929575108748259e-04
6.009958522071563003e+00 1.913233234605685217e-04 3.447713359328102301e-01 3.027880300526276103e-01 1.158223561503746168e-03 -5.453597573534807452e-04
6.009360254481129537e+00 1.920069699610276934e-04 3.446786780478899304e-01 3.028316588332158887e-01 3.969535811165769159e-04 3.176094764967273953e-03
6.009174855021659489e+00 1.918594260448866062e-04 3.446469217614006042e-01 3.025775712520185068e-01 -1.838665220077473079e-04 -1.721379838670600076e-03
6.009587679785110659e+00 1.914202196168773168e-04 3.446616310831612240e-01 3.027152816391121548e-01 3.036736195838329877e-04 -4.475044157459251437e-03
6.009530684505323350e+00 1.916569074061799628e-04 3.446373371935945173e-01 3.030732851717088949e-01 2.232639850774375829e-04 4.695406730093054106e-04
6.009794339228537119e+00 1.911732228616737437e-04 3.446194760747883223e-01 3.030357219178681505e-01 1.888070144673292545e-04 3.257146108381902671e-03
6.009311708643491734e+00 1.931256141282853536e-04 3.446043715136309360e-01 3.027751502291975982e-01 -1.910821723072330953e-04 -1.527470949724829335e-03
6.009389038049476994e+00 1.909922417099296495e-04 3.446196580874155146e-01 3.028973479051755846e-01 5.497761357275976479e-04 1.012696326796458379e-03
6.009560109372221071e+00 1.919179394733882161e-04 3.445756759965573068e-01 3.028163321990318679e-01 1.375097369304967287e-04 3.731585351829380236e-03
6.009729426822497445e+00 1.916551834135305865e-04 3.445646752176028671e-01 3.025178053708855175e-01 4.149907084638470455e-05 -4.767067274258351972e-03
6.009516555223691547e+00 1.914663575257419487e-04 3.445613552919351563e-01 3.028991707528261856e-01 8.677307761217888137e-05 3.242849544449200039e-04
6.009867503614587214e+00 1.920138203883235109e-04 3.445544134457261820e-01 3.028732279564705920e-01 4.051714519448523246e-04 -5.894417398621953907e-04
6.009804894554715560e+00 1.921787576772208386e-04 3.445219997295705938e-01 3.029203832956595677e-01 3.865391562385411275e-04 -5.811509495856626017e-04
6.009669755774345035e+00 1.919938289946999835e-04 3.444910765970715105e-01 3.029668753716264207e-01 -6.192202306465333095e-05 7.947212665726509665e-04
6.009774090331664986e+00 1.926448904439066593e-04 3.444960303589166828e-01 3.029032976703006086e-01 5.233456334963193513e-04 -2.336494286936385834e-03
6.009499691485427952e+00 1.910916211880282387e-04 3.444541627082369772e-01 3.030902172132555195e-01 -1.860461118496914152e-04 2.821423361609731294e-03
6.009553037779192586e+00 1.939522832790834613e-04 3.444690463971849526e-01 3.028645033443267409e-01 1.649212322263338137e-04 1.823792405986068626e-03
6.009630431394686667e+00 1.914460089375780096e-04 3.444558526986068459e-01 3.027185999518478554e-01 -2.985938607480420615e-04 -2.386211050975362014e-03
6.009405762194100831e+00 1.902831072797152973e-04 3.444797402074666892e-01 3.029094968359258844e-01 5.058173435656954098e-04 1.076385469644947079e-03
6.009476350722694704e+00 1.900938197714152308e-04 3.444392748199814336e-01 3.028233859983542886e-01 -5.119478174719915842e-04 -3.607055987231432849e-04
6.009401040954107209e+00 1.913111192184821984e-04 3.444802306453791929e-01 3.028522424462521401e-01 -3.717124386071190569e-04 3.682523175285723049e-03
6.009782523665307075e+00 1.926926133434720984e-04 3.445099676404677624e-01 3.025576405922292822e-01 1.294662155260084377e-05 -3.564212036621938209e-04
6.009606113536174021e+00 1.917229516842640195e-04 3.445089319107435544e-01 3.025861542885222577e-01 4.646910412020587868e-04 -2.483635963557162540e-03
6.009602996322322532e+00 1.918072994795871271e-04 3.444717566274473897e-01 3.027848451656068307e-01 -2.887990291355890804e-04 1.727755716274259395e-03
6.009488617436451463e+00 1.934795710427524267e-04 3.444948605497782368e-01 3.026466247083048899e-01 1.836697016699417602e-04 4.250263252458807441e-04
6.009490569038677954e+00 1.923668573323796709e-04 3.444801669736446414e-01 3.026126226022852195e-01 -1.746491840037833483e-04 -1.670868776670886074e-03
6.009649873454930180e+00 1.925562553571860029e-04 3.444941389083649441e-01 3.027462921044188904e-01 3.287920158356882894e-04 -1.797121118585209626e-03
6.009841061698069531e+00 1.917077228371475317e-04 3.444678355470980891e-01 3.028900617939057072e-01 4.954545218538441986e-04 1.176677422165539475e-04
6.009412357973443974e+00 1.930238246948728963e-04 3.444281991853497815e-01 3.028806483745283828e-01 1.992835230169020817e-04 -3.993327712947802866e-03
6.009779877925013558e+00 1.915361080671645010e-04 3.444122565035084294e-01 3.032001145915642071e-01 5.884923659493779269e-04 7.838281135263969190e-03
6.010037397772163281e+00 1.958268737585599627e-04 3.443651771142324791e-01 3.025730521007430895e-01 4.880977400034680071e-04 2.657554709628584099e-03
6.009412993502667000e+00 1.916161296714487933e-04 3.443261292950322017e-01 3.023604477239728028e-01 -8.555065988957720772e-04 -4.664724251313145942e-03
6.009368056651848811e+00 1.986380210638650666e-04 3.443945698229438634e-01 3.027336256640778545e-01 5.194237040484495083e-04 -1.302979768524892279e-03
6.009671181476657686e+00 1.907710865282723201e-04 3.443530159266199875e-01 3.028378640455598458e-01 2.457545278389261512e-04 -3.880759358310114770e-03
6.009583679718210725e+00 1.913185529032406613e-04 3.443333555643928734e-01 3.031483247942246551e-01 3.886677646391944476e-04 -9.382848276118237489e-04
6.008926528976873627e+00 1.914215486732199177e-04 3.443022621432217378e-01 3.032233875804336010e-01 2.730189407884608615e-05 3.466850806432830289e-03
6.009661775205688450e+00 1.918539913160084416e-04 3.443000779916954301e-01 3.029460395159189745e-01 -3.781540414138361852e-04 -7.761721931842656711e-04
6.009564568475571633e+00 1.937005138259805621e-04 3.443303303150085370e-01 3.030081332913737158e-01 2.817426292267555255e-04 -1.690666273646001811e-04
6.009470209092438786e+00 1.912515227617345918e-04 3.443077909046703966e-01 3.030216586215628838e-01 4.989643365149731835e-04 -4.265706010642133519e-04
6.009606839560554192e+00 1.912829047143439168e-04 3.442678737577491987e-01 3.030557842696480209e-01 -7.700462489879100758e-05 7.245132316313628550e-03
6.009449591775665844e+00 1.929785827084244080e-04 3.442740341277411020e-01 3.024761736843429305e-01 -2.480389227343948394e-05 -8.406561669005440133e-04
6.009367535996344323e+00 1.935293233472154138e-04 3.442760184391229772e-01 3.025434261776949740e-01 6.636997618159056226e-04 1.414237171815102339e-03
6.009252429756950065e+00 1.934250563130191067e-04 3.442229224581777047e-01 3.024302872039497658e-01 -4.229343986139610392e-04 -3.978137819160565414e-03
6.009863823814255213e+00 1.919964291864113414e-04 3.442567572100668216e-01 3.027485382294826111e-01 6.352519399399625399e-04 5.175312622895944514e-04
6.009251547252006276e+00 1.934779639203780912e-04 3.442059370548716246e-01 3.027071357284994435e-01 4.433742262222039476e-05 1.030053198292080197e-03
6.009330044419188610e+00 1.968514158755070489e-04 3.442023900610618470e-01 3.026247314726360771e-01 1.645642733194563334e-04 -1.593400789090537511e-03
6.009662455611064047e+00 1.911781618780842521e-04 3.441892249191962905e-01 3.027522035357633201e-01 -2.877422744518298375e-05 1.268998772729901248e-03
6.009362978930551158e+00 1.922618040163075735e-04 3.441915268573919051e-01 3.026506836339449280e-01 3.291294348173323669e-04 2.058402337468123462e-04
6.009497644847370701e+00 1.910599419764817761e-04 3.441651965026065185e-01 3.026342164152451830e-01 -1.189419140956715637e-03 -4.927250785158321378e-03
6.009938122943085936e+00 1.913188816863751411e-04 3.442603500338830558e-01 3.030283964780578487e-01 7.428992532254595797e-04 8.600962608795724744e-04
6.009435889229883365e+00 1.913684055552569133e-04 3.442009180936250190e-01 3.029595887771874829e-01 -2.191393733141921713e-04 1.267292404349973367e-03
6.009617542464083861e+00 1.936439041369287259e-04 3.442184492434901544e-01 3.028582053848394851e-01 6.319389456166391028e-05 2.755890626815471044e-03
6.009539019271991300e+00 1.945245830806101447e-04 3.442133937319252213e-01 3.026377341346942473e-01 9.294105041135479776e-04 5.511943790281747212e-03
6.009441319117318159e+00 1.913784932024778236e-04 3.441390408915961374e-01 3.021967786314717075e-01 -7.327702888915154115e-04 -6.809377151029138119e-03
6.009639400672096343e+00 1.936572634137801742e-04 3.441976625147074587e-01 3.027415288035540386e-01 4.801174569024623819e-04 -2.750552674513073725e-04
6.009662260662647526e+00 1.941960088217252467e-04 3.441592531181552617e-01 3.027635332249501432e-01 -2.784381614162612095e-04 -3.948527727004602639e-03
6.009259097345073464e+00 1.932638495989589980e-04 3.441815281710685626e-01 3.030794154431105114e-01 6.738973823416927189e-05 -9.983125437429406288e-08
6.009538771220340081e+00 1.922080315527131876e-04 3.441761369920098290e-01 3.030794234296108614e-01 -3.697450345896413095e-04 2.496841222665580062e-03
6.009457714295195707e+00 1.915493070265032933e-04 3.442057165947770003e-01 3.028796761317976149e-01 3.766883693856470385e-04 -1.539206007095117240e-03
6.009039023153547099e+00 1.918085971450382413e-04 3.441755815252261486e-01 3.030028126123652243e-01 2.468305559943928529e-04 3.197925124709399391e-03
6.009276513801538044e+00 1.927663478934874323e-04 3.441558350807465971e-01 3.027469786023884724e-01 -8.640376414348337501e-04 6.662820517533417667e-04
6.009504928674178181e+00 1.921016534304115545e-04 3.442249580920613838e-01 3.026936760382482050e-01 2.788428155042765866e-04 1.276156957885632437e-04
6.010029992343939753e+00 1.913885847686776990e-04 3.442026506668210417e-01 3.026834667825851199e-01 2.780326191498261323e-04 1.068139177107241267e-03
6.009557503117926913e+00 1.915633376487957320e-04 3.441804080572890556e-01 3.025980156484165406e-01 2.158826895026777222e-04 1.322791298719039332e-03
6.009490472890892221e+00 1.913982266254701120e-04 3.441631374421288414e-01 3.024921923445190175e-01 -3.932239422965721500e-04 -3.730187980721666029e-03
6.009825383820649236e+00 2.084971402691073979e-04 3.441945953575125672e-01 3.027906073829767508e-01 2.652986275109014969e-04 6.231857696548103419e-03
6.009633206583155918e+00 1.922108748706910335e-04 3.441733714673116951e-01 3.022920587672529025e-01 -6.847153066757981658e-04 2.106635488274832824e-03
6.009342185654151791e+00 2.017475176139402399e-04 3.442281486918457589e-01 3.021235279281909158e-01 -6.267431018613932855e-06 -4.535506725744653522e-03
6.009580099752070304e+00 1.921301651139639157e-04 3.442286500863272480e-01 3.024863684662504881e-01 -5.791811474864516640e-07 5.293053195742913886e-03
6.009833590825852667e+00 1.916285852063310960e-04 3.442286964208190470e-01 3.020629242105910550e-01 5.425268234660052258e-04 -3.512948953954264219e-03
