# energy_now energy_error b_upup b_updown derivative_upup derivative_updown
1.040519839541223490e+01 2.639895118767903131e-04 2.250000000000000056e-01 5.010000000000000009e-01 2.180584068867119640e-03 -1.758392720319079455e-03
1.040565391864475764e+01 2.645483121061519872e-04 2.248255532744906360e-01 5.011406714176255273e-01 2.137827337378439552e-03 3.455049579770274617e-04
1.040562552106348626e+01 2.663774431989241083e-04 2.246545270875003608e-01 5.011130310209873651e-01 1.641550184672268880e-03 -1.633079627083588786e-03
1.040553864626086344e+01 2.646685453593647852e-04 2.245232030727265793e-01 5.012436773911540522e-01 2.672950039084298190e-03 1.292374740557988844e-03
1.040556446712119154e+01 2.613531805485156756e-04 2.243093670695998354e-01 5.011402874119094131e-01 3.168053197555309019e-03 1.613374323028437867e-03
1.040522756660069170e+01 2.643667913343178259e-04 2.240559228137954106e-01 5.010112174660671380e-01 2.041840652111659438e-03 -2.259696429973700744e-04
1.040557623320655622e+01 2.629884771219391493e-04 2.238925755616264779e-01 5.010292950375069276e-01 2.032327017786883516e-03 1.177518882400363509e-03
1.040570961994534827e+01 2.618271475809569619e-04 2.237299894002035272e-01 5.009350935269148986e-01 2.232565776694173110e-03 9.012481427816964067e-04
1.040534800510287106e+01 2.627819181712525332e-04 2.235513841380679934e-01 5.008629936754923628e-01 8.252420968801743584e-06 -7.984505501212878524e-04
1.040573645550747983e+01 2.605802592327370040e-04 2.235507239443904892e-01 5.009268697195020659e-01 7.438636373535699757e-04 -4.656783403333974460e-04
1.040520526484903030e+01 2.634528047165172831e-04 2.234912148534022036e-01 5.009641239867287377e-01 -9.343661844241067964e-04 -3.685506300143969859e-03
1.040536521500491851e+01 2.617591525022696275e-04 2.235659641481561322e-01 5.012589644907402553e-01 7.084803854695564951e-05 -2.042989599715383520e-03
1.040576348782592930e+01 2.638227595897022089e-04 2.235602963050723757e-01 5.014224036587174860e-01 2.313953295640658325e-03 1.977679175979574211e-03
1.040571252424096649e+01 2.643116119282358772e-04 2.233751800414211230e-01 5.012641893246391200e-01 2.106016694369827746e-03 1.025670570697911899e-03
1.040518912948162900e+01 2.652226330072444027e-04 2.232066987058715368e-01 5.011821356789832871e-01 2.568746815256872651e-03 -1.253197901007752080e-03
1.040587025459213777e+01 2.646528796423887548e-04 2.230011989606509870e-01 5.012823915110639073e-01 1.138182703641632543e-03 -4.391740304754420554e-05
1.040534632456463804e+01 2.647666429668472368e-04 2.229101443443596564e-01 5.012859049033077108e-01 4.899915140299526684e-04 -1.817980610496760857e-03
1.040541191513762698e+01 2.651411637730948455e-04 2.228709450232372602e-01 5.014313433521474517e-01 1.069380672902298102e-03 -4.967022348978389346e-04
1.040524226829186638e+01 2.650234692254820642e-04 2.227853945694050763e-01 5.014710795309392788e-01 3.388869629361578885e-04 -5.740879771565232659e-04
1.040511718829637999e+01 2.659483425900798490e-04 2.227582836123701837e-01 5.015170065691118007e-01 -1.851355868609516403e-03 -2.973193069522039444e-03
1.040593405444069930e+01 2.623853835547098733e-04 2.229063920818589450e-01 5.017548620146735638e-01 5.717971873764327029e-04 -5.456062268649475300e-04
1.040556371600795593e+01 2.634573118271829259e-04 2.228606483068688304e-01 5.017985105128227596e-01 1.942157012990719306e-03 -1.538248639576522475e-03
1.040562989963398621e+01 2.625640341910733823e-04 2.227052757458295729e-01 5.019215704039888815e-01 -3.581957841447546711e-04 -4.836492095705579599e-04
1.040540546549400958e+01 2.633292749176638012e-04 2.227339314085611532e-01 5.019602623407545261e-01 -5.041453476906099240e-04 -2.254850706151501072e-03
1.040524629642863985e+01 2.619656019946423032e-04 2.227742630363764020e-01 5.021406503972466462e-01 2.646872232503483247e-03 7.498632825786443216e-04
1.040616289829362806e+01 2.652456719893654105e-04 2.225625132577761234e-01 5.020806613346403546e-01 2.386743780391498149e-03 2.441469248992689245e-04
1.040586316212242757e+01 2.621713707842937926e-04 2.223715737553448035e-01 5.020611295806484131e-01 -6.272191654943526373e-05 -5.499485311588614422e-04
1.040602939456265119e+01 2.636841647055230696e-04 2.223765915086687583e-01 5.021051254631411220e-01 1.049788522777816979e-03 1.440825236898035438e-03
1.040573878560861232e+01 2.623515153988847264e-04 2.222926084268465330e-01 5.019898594441892792e-01 1.687309136855219332e-03 -5.807940794966270914e-04
1.040572098310553351e+01 2.618541807028383303e-04 2.221576236958981154e-01 5.020363229705490093e-01 1.089966339407055784e-03 -1.374367286643973568e-03
1.040619680263212921e+01 2.637532436718342094e-04 2.220704263887455510e-01 5.021462723534805273e-01 1.648914604857054439e-03 -1.310240804741624531e-06
1.040587820234772565e+01 2.617089172504458269e-04 2.219385132203569866e-01 5.021463771727449066e-01 1.098840662905331556e-03 3.932257186534115503e-04
1.040602342881695108e+01 2.610249325664258831e-04 2.218506059673245601e-01 5.021149191152526337e-01 -3.069658305321354419e-04 -9.427374436654644167e-04
1.040615844464630335e+01 2.628873389391383174e-04 2.218751632337671309e-01 5.021903381107458708e-01 1.558875872831322123e-03 2.405694488061271841e-03
1.040578747410370397e+01 2.619236764288906082e-04 2.217504531639406251e-01 5.019978825517009691e-01 5.675156344864262792e-04 5.271843406262632925e-04
1.040604620973799577e+01 2.627344713530457149e-04 2.217050519131817110e-01 5.019557078044508680e-01 -3.074708487815769331e-04 -1.109594194304008852e-03
1.040576486266519218e+01 2.621518442608978096e-04 2.217296495810842372e-01 5.020444753399951887e-01 9.753280849622568719e-04 7.075218633190160115e-04
1.040574612776826058e+01 2.637763559475146441e-04 2.216516233342872566e-01 5.019878735909296674e-01 1.470062116482040221e-03 1.878150612810713721e-03
1.040603162352955913e+01 2.641989612346564266e-04 2.215340183649686934e-01 5.018376215419048103e-01 1.272851513078876451e-03 -2.027933554415994877e-03
1.040601345211427464e+01 2.630424767009718889e-04 2.214321902439223833e-01 5.019998562262580899e-01 -2.660094367001875071e-04 -2.108269825384923024e-03
1.040523433155098232e+01 2.619610756124749482e-04 2.214534709988583983e-01 5.021685178122888837e-01 1.224562140578200342e-03 9.271724721315876020e-04
1.040507472548977042e+01 2.614986525884430103e-04 2.213555060276121422e-01 5.020943440145183567e-01 1.751930867044393164e-03 -1.917541503360098215e-03
1.040535359461125253e+01 2.679702585294787198e-04 2.212153515582485908e-01 5.022477473347871646e-01 6.015035580730909714e-04 2.811371224709091187e-03
1.040591121375634565e+01 2.628690366172947474e-04 2.211672312736027435e-01 5.020228376368104373e-01 7.603466301020488398e-04 1.098049651204746624e-03
1.040561120475165069e+01 2.672870302441623220e-04 2.211064035431945796e-01 5.019349936647140575e-01 4.474713932722806253e-05 -5.748363562929625914e-04
1.040622224574502930e+01 2.618732025391354518e-04 2.211028237720484013e-01 5.019809805732174945e-01 -8.316337840597042312e-04 -2.514322261504275957e-03
1.040583280602875327e+01 2.639491196905099750e-04 2.211693544747731777e-01 5.021821263541378366e-01 2.949459343426497071e-04 -2.015763556073579550e-04
1.040524315957607371e+01 2.634367717772375262e-04 2.211457588000257657e-01 5.021982524625864253e-01 1.973889318662713777e-03 9.582850069023151089e-04
1.040583280001140487e+01 2.649230180427181690e-04 2.209878476545327486e-01 5.021215896620342400e-01 -1.413328121202539478e-04 -1.718048103782620966e-03
1.040561442973985073e+01 2.659891022859878435e-04 2.209991542795023689e-01 5.022590335103368497e-01 5.426681326525794479e-05 1.412391625876807449e-03
1.040584247730595280e+01 2.630642491024472477e-04 2.209948129344411483e-01 5.021460421802667051e-01 1.708955466028782904e-03 -2.057838166535930213e-03
1.040532283111014955e+01 2.664645156948702723e-04 2.208580964971588456e-01 5.023106692335895795e-01 8.755932867643422294e-04 1.784925451886465236e-03
1.040521887223283493e+01 2.623373335086975119e-04 2.207880490342176982e-01 5.021678751974386623e-01 8.291690889450363837e-04 -2.301600687815152653e-04
1.040554653107823135e+01 2.667842906532521163e-04 2.207217155071020953e-01 5.021862880029411835e-01 -5.236211464421103301e-04 -1.745222988347449938e-03
1.040550331812465501e+01 2.633161520920838656e-04 2.207636051988174641e-01 5.023259058420089795e-01 5.219719767524111376e-04 2.250804875814083061e-03
1.040570697768652586e+01 2.652171429225353436e-04 2.207218474406772712e-01 5.021458414519438529e-01 8.117801542084633918e-04 2.934888598815632143e-03
1.040574712952456515e+01 2.630541634969045246e-04 2.206569050283405942e-01 5.019110503640386023e-01 -1.448327502373558456e-03 -1.396297477640473300e-03
1.040562729446721058e+01 2.622530797110825132e-04 2.207727712285304789e-01 5.020227541622498402e-01 6.084805548312033352e-04 1.598861487650537821e-03
1.040503888599520543e+01 2.616508611862529963e-04 2.207240927841439826e-01 5.018948452432377971e-01 6.544766506522137206e-04 -1.614429123719673736e-03
1.040539212915666667e+01 2.629783195056332968e-04 2.206717346520918055e-01 5.020239995731353710e-01 -4.662643604547155886e-04 -5.395309266020830406e-03
1.040590140941313990e+01 2.636100841059555496e-04 2.207090358009281827e-01 5.024556243144170375e-01 -1.650429126698327309e-04 5.478646869505610084e-04
1.040591123444688115e+01 2.635563014178676300e-04 2.207222392339417694e-01 5.024117951394609927e-01 -3.478970000969638389e-04 1.001581573234489042e-03
1.040583935176220898e+01 2.646569611729768711e-04 2.207500709939495265e-01 5.023316686136022335e-01 -6.861835544214045512e-05 2.227776541019466094e-03
1.040569491881067421e+01 2.619533728785975639e-04 2.207555604623848977e-01 5.021534464903206763e-01 -1.163219209843191493e-03 2.579144009473566257e-04
1.040536269991826224e+01 2.630685475840804921e-04 2.208486179991723530e-01 5.021328133382448877e-01 1.926684589648175190e-04 -3.617861565885504573e-04
1.040554296210194174e+01 2.633330097173654022e-04 2.208332045224551676e-01 5.021617562307719718e-01 2.596188863890347420e-03 -8.064544587682575009e-04
1.040520641391491097e+01 2.629449954313034478e-04 2.206255094133439398e-01 5.022262725874734324e-01 -2.339124449690643543e-04 -4.475956671967651346e-03
1.040535601536985943e+01 2.621479090000065145e-04 2.206442224089414650e-01 5.025843491212308445e-01 4.155221944301956140e-04 4.552141774638584506e-04
1.040563466743628851e+01 2.640962902316809332e-04 2.206109806333870493e-01 5.025479319870337358e-01 2.138154187036889198e-03 2.687924549604758361e-03
1.040523572477403569e+01 2.652093870563489685e-04 2.204399282984240982e-01 5.023328980230653551e-01 1.396511351003937090e-03 8.362182057908283976e-04
1.040590750630886951e+01 2.646281299148925252e-04 2.203282073903437832e-01 5.022660005666020888e-01 1.497298285357828718e-04 -2.024727052685193214e-04
1.040537233966881026e+01 2.625821507252157024e-04 2.203162290040609206e-01 5.022821983830235704e-01 -7.876751695334859331e-04 -1.886418843355386126e-03
1.040522625775536625e+01 2.631938127642620331e-04 2.203792430176235995e-01 5.024331118904920013e-01 1.207673960834654145e-04 1.421309114846280646e-03
1.040557125922156700e+01 2.621195870224921412e-04 2.203695816259369222e-01 5.023194071613042988e-01 -1.237636126916186186e-03 -1.628161605538025252e-03
1.040519887267217314e+01 2.631258332251492629e-04 2.204685925160902171e-01 5.024496600897473408e-01 3.693534367243955243e-04 1.616387201863744632e-03
1.040559803819366280e+01 2.630007172822057407e-04 2.204390442411522655e-01 5.023203491135982413e-01 7.834474402557133369e-04 -2.374323138099043717e-03
1.040596810732583499e+01 2.642328177242659996e-04 2.203763684459318084e-01 5.025102949646461648e-01 1.351366663016051245e-03 -9.192433481075567040e-04
1.040538724969782614e+01 2.621894782928552116e-04 2.202682591128905243e-01 5.025838344324947693e-01 2.883330907366143947e-04 -2.313183422586462257e-03
1.040581190170596670e+01 2.619957004263379161e-04 2.202451924656315951e-01 5.027688891063016863e-01 -1.053462383993064577e-03 -3.428970174468303888e-03
1.040583077731473161e+01 2.680425562549648526e-04 2.203294694563510403e-01 5.030432067202591506e-01 1.902546742371668880e-03 3.908985313216817303e-03
1.040585444124686987e+01 2.606833023320732196e-04 2.201772657169613068e-01 5.027304878952018052e-01 -4.009859111420154844e-04 1.086034551178727270e-03
1.040525470477566294e+01 2.634052116168733603e-04 2.202093445898526680e-01 5.026436051311075071e-01 -2.015291755697035114e-03 -6.934046226092504010e-04
1.040551449071988088e+01 2.611520996198353939e-04 2.203705679303084308e-01 5.026990775009162471e-01 5.969162941710236969e-05 1.601121368821622820e-03
1.040585501529902324e+01 2.609431465727376966e-04 2.203657925999550626e-01 5.025709877914105173e-01 -1.161714635600219481e-03 -7.976682425692159821e-04
1.040580799016887603e+01 2.618077510747334629e-04 2.204587297708030802e-01 5.026348012508160545e-01 -5.434689143157811486e-04 -7.146050862161245102e-04
1.040558242717144921e+01 2.620275604537284741e-04 2.205022072839483427e-01 5.026919696577133445e-01 1.543809702297948899e-03 3.446217355929092740e-03
1.040564963765898199e+01 2.631833571559233842e-04 2.203787025077645068e-01 5.024162722692390171e-01 -1.835105400971315031e-03 -3.123796332715755419e-03
1.040573168449936858e+01 2.626510778874220197e-04 2.205255109398422120e-01 5.026661759758562775e-01 5.644107403668385136e-05 -1.234793600701777905e-04
1.040540028824979935e+01 2.624942419020381661e-04 2.205209956539192773e-01 5.026760543246618917e-01 4.931219876880277297e-04 4.736596892485067114e-04
1.040608243446044412e+01 2.612920697284995498e-04 2.204815458949042351e-01 5.026381615495220112e-01 -4.316307311569289053e-04 3.832068351528050264e-03
1.040592980443759075e+01 2.632088920588759504e-04 2.205160763533967894e-01 5.023315960813997672e-01 -1.915777758654257652e-04 -9.771660813839844195e-04
1.040600778640474111e+01 2.616554118229120498e-04 2.205314025754660234e-01 5.024097693679104859e-01 -3.206595877713880327e-04 6.472596680850983830e-04
1.040608963776956664e+01 2.612162092627626502e-04 2.205570553424877345e-01 5.023579885944636780e-01 1.034209162753540887e-04 1.207446231887843169e-03
1.040592534342238373e+01 2.627220025223557607e-04 2.205487816691857061e-01 5.022613928959126506e-01 -7.696794313005739241e-05 2.395331222260210779e-03
1.040581394160437512e+01 2.619655465625386802e-04 2.205549391046361107e-01 5.020697663981318337e-01 -1.613298650227079417e-03 -1.573562435908115514e-03
1.040616264675616165e+01 2.611806674211330798e-04 2.206840029966542771e-01 5.021956513930044830e-01 2.170706281390266397e-04 -2.838886459244349680e-04
1.040534744138034284e+01 2.623451842332428477e-04 2.206666373464031550e-01 5.022183624846784378e-01 -1.013608041944280558e-03 9.664038458367939265e-05
1.040553571826814583e+01 2.637358628519554347e-04 2.207477259897586974e-01 5.022106312539117434e-01 7.111376376656152213e-04 6.227617532772455888e-04
1.040567614261045826e+01 2.631711564330660772e-04 2.206908349787454482e-01 5.021608103136495638e-01 -1.236121427439229592e-03 -3.261841285961963443e-03
1.040566251972719769e+01 2.666104825818889162e-04 2.207897246929405866e-01 5.024217576165265209e-01 2.187733727510021708e-03 1.668711391289434416e-04
