# energy_now energy_error b_upup b_updown derivative_upup derivative_updown
6.009600668388305422e+00 1.922800846569696080e-04 3.452999999999999958e-01 3.029999999999999916e-01 7.954564118506367602e-04 2.176171864931575328e-03
6.009651017393903061e+00 1.912825573330460089e-04 3.452363634870519449e-01 3.028259062508054655e-01 -9.377636445151436883e-05 -7.384707956248347553e-04
6.009519403505747093e+00 1.926342401510905140e-04 3.452438655962080660e-01 3.028849839144554523e-01 6.972173061114971286e-04 -1.295758611519204351e-03
6.009522140209928587e+00 1.926370155334806219e-04 3.451880882117191462e-01 3.029886446033769887e-01 3.792703928695572726e-04 -1.381838821146174961e-03
6.009668266717569374e+00 1.925420726152676407e-04 3.451577465802895817e-01 3.030991917090686827e-01 7.304263860419268894e-05 8.126946227093866408e-04
6.009995010783731217e+00 1.926236062114118001e-04 3.451519031692012462e-01 3.030341761392519317e-01 6.058523460694686946e-04 4.343637627357566089e-03
6.009541346843155551e+00 1.919426108034782573e-04 3.451034349815156888e-01 3.026866851290633265e-01 9.017918856102368234e-04 -3.965117123527761036e-04
6.009692634322958860e+00 1.914275275590941836e-04 3.450312916306668698e-01 3.027184060660515486e-01 -7.840394999902855488e-05 -4.698342159770163020e-04
6.009456517730574987e+00 1.906910852319136705e-04 3.450375639466667921e-01 3.027559928033297099e-01 -2.876149096664448734e-04 1.145266281810108921e-03
6.009110986467915083e+00 1.918879731831852026e-04 3.450605731394401077e-01 3.026643715007849011e-01 -2.212443561688814614e-05 -5.556632487468959880e-04
6.009487361275637873e+00 1.916786156557752786e-04 3.450623430942894587e-01 3.027088245606846528e-01 6.284501807840570109e-05 2.472277937926037339e-03
6.009787047245596092e+00 1.919238224184734230e-04 3.450573154928431863e-01 3.025110423256505698e-01 4.554278731916383007e-04 9.453419380633930639e-04
6.009448942497868096e+00 1.925769429777208857e-04 3.450208812629878552e-01 3.024354149706054984e-01 -7.388545775199871794e-04 -5.651847345689019718e-03
6.009275859530105457e+00 1.921327199954835313e-04 3.450799896291894542e-01 3.028875627582606200e-01 1.741949695599487042e-04 1.892529599700764958e-03
6.009256301683653767e+00 1.910525225868018348e-04 3.450660540316246583e-01 3.027361603902845588e-01 -3.065370179911042214e-05 6.722579826146101193e-04
6.009485907582297948e+00 1.915752703765911057e-04 3.450685063277685871e-01 3.026823797516753900e-01 -1.585740427856308088e-04 -4.809592812904384118e-03
6.009755656340758811e+00 1.910035703387339778e-04 3.450811922511914376e-01 3.030671471767077407e-01 2.712407187743792747e-04 7.809611624054467764e-04
6.009759130572890129e+00 1.916892066541662327e-04 3.450594929936894872e-01 3.030046702837153050e-01 4.023482880199935065e-04 7.318323724803120793e-04
6.009631680582256053e+00 1.915901739119086917e-04 3.450273051306478878e-01 3.029461236939168800e-01 2.344759941763640838e-04 4.900506223037837117e-03
6.009655385539761419e+00 1.908071684415234292e-04 3.450085470511137786e-01 3.025540831960738530e-01 1.743194921743906618e-04 6.751005088290184001e-04
6.009259979455938705e+00 1.928868703454810927e-04 3.449946014917398274e-01 3.025000751553675316e-01 1.548619010804941354e-05 5.031883354433830391e-04
6.009897388890666825e+00 1.915441053559301782e-04 3.449933625965311834e-01 3.024598200885320609e-01 7.897455134298069250e-04 3.274311488610237575e-04
6.009652135918760685e+00 1.911816223905809793e-04 3.449301829554567989e-01 3.024336255966231790e-01 -4.793637486955048556e-04 -1.566917262607603117e-03
6.009863491385175394e+00 1.919573403868644521e-04 3.449685320553524392e-01 3.025589789776317873e-01 7.776683297322505321e-04 6.515185280164813818e-03
6.009757914045540161e+00 1.920787078105462445e-04 3.449063185889738592e-01 3.020377641552186021e-01 1.607977750950340123e-04 -3.740578513600211884e-03
6.009821387618669242e+00 1.919415445139445106e-04 3.448934547669662565e-01 3.023370104363066191e-01 2.692121192637841887e-04 -2.803148824170875741e-04
6.009658379889448732e+00 1.908975853534692669e-04 3.448719177974251537e-01 3.023594356268999861e-01 -1.617944889176214929e-04 4.947955822842686757e-04
6.009688135818270105e+00 1.926819332403087828e-04 3.448848613565385635e-01 3.023198519803172446e-01 -1.710457553372179702e-04 -5.455208640370300642e-03
6.009475780285890245e+00 1.915231902486328223e-04 3.448985450169655409e-01 3.027562686715468687e-01 9.613865259439079462e-04 -1.765544155318820869e-04
6.009742880305405599e+00 1.923271991824497529e-04 3.448216340948900283e-01 3.027703930247894193e-01 9.449689919449609813e-04 -4.700595468420942780e-06
6.009758539601821603e+00 1.933102709845379544e-04 3.447460365755344314e-01 3.027707690724268930e-01 6.157687693075786228e-04 -9.877076934117212659e-04
6.009935487164422163e+00 1.906146737631254798e-04 3.446967750739898251e-01 3.028497856878998307e-01 1.021944306955901858e-04 3.955652783105279013e-03
6.009580132901551686e+00 1.912032942108335442e-04 3.446885995195341779e-01 3.025333334652514083e-01 4.024007793645977839e-04 -5.421884186063151943e-03
6.009623800223023338e+00 1.911848377183480909e-04 3.446564074571850100e-01 3.029670842001364606e-01 2.950116595457075164e-04 -1.030550667024954237e-03
6.009518016218702741e+00 1.915108521618332459e-04 3.446328065244213534e-01 3.030495282534984569e-01 7.218619479942843834e-04 -5.989643447890102834e-04
6.009807713260530981e+00 1.920060886994419066e-04 3.445750575685818107e-01 3.030974454010815777e-01 1.577862196455725790e-03 6.579927003258489136e-03
6.009733366143239941e+00 1.907677524434097966e-04 3.444488285928653526e-01 3.025710512408208985e-01 3.819575766783600557e-05 -3.305000095821241778e-03
6.009411448958956292e+00 1.915495596500565545e-04 3.444457729322519257e-01 3.028354512484865979e-01 -1.264454319027663587e-04 -1.076748379347236551e-03
6.009733026692078539e+00 1.909603682005834679e-04 3.444558885668041470e-01 3.029215911188343768e-01 -3.262015546567909041e-04 -1.395211945975916024e-04
6.009388853677420705e+00 1.922729663392126742e-04 3.444819846911766903e-01 3.029327528144021842e-01 2.893487227595414879e-04 1.470009713955277913e-03
6.009712714046748339e+00 1.972152847781686994e-04 3.444588367933559270e-01 3.028151520372857619e-01 7.043007066442895673e-04 3.997186581727873458e-04
6.009653685778864940e+00 1.913715309949645725e-04 3.444024927368243838e-01 3.027831745446319389e-01 5.827525129120657998e-05 -3.086208355540520209e-03
6.009427768217115329e+00 1.920892798101502528e-04 3.443978307167210873e-01 3.030300712130751806e-01 3.265745007752229867e-04 2.811670007929478743e-04
6.009614783543875127e+00 1.911356061254575157e-04 3.443717047566590694e-01 3.030075778530117447e-01 -5.652785795007275738e-04 2.591465708690066094e-04
6.009727248846164827e+00 2.003941399673076613e-04 3.444169270430191276e-01 3.029868461273422242e-01 -3.810292525940894306e-04 -5.045354800614632040e-03
6.009959201330201672e+00 1.911388074151861547e-04 3.444474093832266548e-01 3.033904745113913948e-01 6.811663233463604054e-04 4.680643339582957196e-03
6.009480180709324770e+00 1.909181113652018002e-04 3.443929160773589460e-01 3.030160230442247582e-01 5.008514492033100396e-04 5.454183771291808668e-03
6.009644693483775058e+00 1.905493064646764253e-04 3.443528479614226812e-01 3.025796883425214134e-01 -9.420641156054897518e-04 -7.920802147509675706e-03
6.009602598647209248e+00 1.917283784461090365e-04 3.444282130906711203e-01 3.032133525143221875e-01 3.024791972450202593e-04 4.035052381112791409e-03
6.009855909897861004e+00 1.912451478401412956e-04 3.444040147548915187e-01 3.028905483238331642e-01 -4.429550948259474721e-04 -1.957628725790527553e-04
6.010032326091460320e+00 1.929649062296232486e-04 3.444394511624775945e-01 3.029062093536394884e-01 4.303905676295016205e-04 -1.795467063914202082e-03
6.009835524396858197e+00 1.941296275068785419e-04 3.444050199170672344e-01 3.030498467187526246e-01 9.891524044292054896e-04 2.902481721633875644e-03
6.009749697086495424e+00 1.909406235005028127e-04 3.443258877247128980e-01 3.028176481810219145e-01 7.850929684138917590e-04 1.896498957876246734e-04
6.009806012974329370e+00 1.914164600126498238e-04 3.442630802872397866e-01 3.028024761893589045e-01 3.085922628542903112e-04 1.863425413972663374e-03
6.009684018182219312e+00 1.914699450214562909e-04 3.442383929062114434e-01 3.026534021562410914e-01 -1.382705505648118560e-04 -3.682834215368302033e-03
6.009420382981156550e+00 1.925503291939161226e-04 3.442494545502566283e-01 3.029480288934705556e-01 -7.306605098733597340e-04 3.516358759725334861e-04
6.009472241617120680e+00 1.916020006433829159e-04 3.443079073910464971e-01 3.029198980233927530e-01 1.126372772830563782e-04 4.111148754759596526e-04
6.009645345003210792e+00 1.918222379729136670e-04 3.442988964088638526e-01 3.028870088333546762e-01 4.165475075978974386e-04 -7.895694764670223601e-04
6.009686910179915742e+00 1.924231002073798261e-04 3.442655726082560208e-01 3.029501743914720380e-01 -1.394515614094871125e-04 3.251132785209164943e-03
6.009619038941378832e+00 1.909488595838043927e-04 3.442767287331687798e-01 3.026900837686553047e-01 1.703233110106339154e-05 -1.996227450007381776e-03
6.009624357142763884e+00 1.935602697634774085e-04 3.442753661466806947e-01 3.028497819646558953e-01 -1.445028097180056648e-04 -2.898775530724150961e-03
6.009724081636628412e+00 1.942436063267824324e-04 3.442869263714581352e-01 3.030816840071138274e-01 9.081437823965642119e-05 3.090625533275214842e-03
6.009862609796523536e+00 1.912168349408899118e-04 3.442796612211989626e-01 3.028344339644518102e-01 1.436805874277524491e-03 3.585451757714963172e-03
6.009700314191524839e+00 1.917102929392669930e-04 3.441647167512567607e-01 3.025475978238346131e-01 9.177609783250771679e-05 2.007428800965271876e-03
6.009750210426203942e+00 1.929990938445931071e-04 3.441573746634301600e-01 3.023870035197573913e-01 6.361229765161624528e-04 8.930320483102603983e-04
6.009705416946086842e+00 1.929552901979943223e-04 3.441064848253088670e-01 3.023155609558925705e-01 6.276338559985106258e-04 -5.947689007967937001e-03
6.009485316992858372e+00 1.929741821987435591e-04 3.440562741168289862e-01 3.027913760765300055e-01 -3.638478851542003580e-04 9.613368767702467092e-04
6.009621829404523830e+00 1.916076683195638581e-04 3.440853819476413222e-01 3.027144691263883858e-01 -4.856657298546451107e-05 -3.823978467210053535e-04
6.010025027044308743e+00 1.946717945548134842e-04 3.440892672734801594e-01 3.027450609541260662e-01 -1.941780958247818218e-04 -6.668452456892736161e-04
6.009722149946261638e+00 1.929183901213575396e-04 3.441048015211461419e-01 3.027984085737812081e-01 -1.126388582406434580e-03 2.357643325012759306e-03
6.009399930245976407e+00 1.908632127494539778e-04 3.441949126077386567e-01 3.026097971077801874e-01 -2.139523225253014700e-04 -1.654494230507452595e-03
6.009912326656744241e+00 1.912713820751378504e-04 3.442120287935406808e-01 3.027421566462207836e-01 1.228667478869738261e-03 3.708548490521934148e-03
6.009993784928062688e+00 1.918406756299524630e-04 3.441137353952311018e-01 3.024454727669790288e-01 8.084452218781733616e-04 -7.707964932990306632e-04
6.009683633891141241e+00 1.919946348216880201e-04 3.440490597774808479e-01 3.025071364864429513e-01 -2.288697231733749233e-04 -6.070815850023335812e-03
6.009495523996592148e+00 1.923526459128957510e-04 3.440673693553347179e-01 3.029928017544448182e-01 -3.566099415763800975e-04 4.549867149705732485e-04
6.009744800832041989e+00 1.917493005775940747e-04 3.440958981506608283e-01 3.029564028172471724e-01 3.079247079540436971e-04 8.694220454685818193e-04
6.009807261555517144e+00 1.937298835360121629e-04 3.440712641740245048e-01 3.028868490536096858e-01 6.185529421998126054e-04 -1.233741730999327046e-03
6.009717568903863771e+00 1.917512903880925470e-04 3.440217799386485198e-01 3.029855483920896320e-01 3.314559293698948208e-04 -1.397766347110973367e-03
6.009405529745682983e+00 1.927307734752482121e-04 3.439952634642989282e-01 3.030973696998585099e-01 -3.178950436222294229e-04 1.911124591913448750e-03
6.009769831541790452e+00 1.917250449447953473e-04 3.440206950677887066e-01 3.029444797325054339e-01 4.456415680920144408e-04 5.593534524450659816e-03
6.009430901172446937e+00 1.915816124205606014e-04 3.439850437423413454e-01 3.024969969705493811e-01 -8.693883835064751845e-04 -3.420259719888462790e-03
6.009061182936207501e+00 1.927453876499214387e-04 3.440545948130218634e-01 3.027706177481404581e-01 -2.664723552925352124e-04 -2.174240076868727556e-03
6.009644670881281847e+00 1.915822947530832518e-04 3.440759126014452662e-01 3.029445569542899563e-01 -8.111360472184969694e-05 -2.071515581292260322e-03
6.009283864369130868e+00 1.910168314463055650e-04 3.440824016898230142e-01 3.031102782007933372e-01 -4.940819309240396251e-04 6.092341298113978197e-03
6.009349085034585869e+00 1.917858698722018924e-04 3.441219282442969374e-01 3.026228908969442188e-01 2.953298938734860712e-04 4.133830788788372956e-03
6.009456073518739672e+00 1.913941755955330185e-04 3.440983018527870585e-01 3.022921844338411490e-01 -8.640357762601523798e-04 -7.422177006333185133e-03
6.009620235302203461e+00 1.928820009281359733e-04 3.441674247148878707e-01 3.028859585943478039e-01 5.351898479943884013e-04 -1.581002528894259523e-03
6.009318090523582789e+00 1.897626130641267574e-04 3.441246095270483196e-01 3.030124387966593447e-01 1.514191438900525100e-04 2.723750114341782613e-03
6.009482175852426167e+00 1.915846088427925213e-04 3.441124959955371154e-01 3.027945387875120020e-01 2.590829772941560805e-04 -9.047820270779992379e-05
6.009525375310925455e+00 1.914150971618371793e-04 3.440917693573535829e-01 3.028017770437286260e-01 -1.621187628586540086e-04 2.738155480130899377e-04
6.009565194710416058e+00 1.922320450997580738e-04 3.441047388583822753e-01 3.027798717998875788e-01 -7.313412098142180184e-05 1.830440599093208004e-03
6.009511677140197961e+00 1.925580898397118775e-04 3.441105895880607890e-01 3.026334365519601222e-01 9.008713774960595865e-05 -2.600544668496240774e-03
6.009567477002785374e+00 1.899195381438483399e-04 3.441033826170408205e-01 3.028414801254398214e-01 -2.474511262562373304e-04 2.221887740461170324e-03
6.009399614765603914e+00 1.906760132292311077e-04 3.441231787071413195e-01 3.026637291062029278e-01 -9.980413828714063129e-04 -4.889898264082148671e-03
6.009648485361827497e+00 1.916491734738092726e-04 3.442030220177710320e-01 3.030549209673294997e-01 -2.737527537988171389e-04 -2.835646739640651070e-03
6.009470832398028151e+00 1.916524171985763863e-04 3.442249222380749374e-01 3.032817727065007518e-01 2.367682938597681370e-04 3.220163602435377036e-03
6.009674451870084866e+00 1.923836396207257598e-04 3.442059807745661559e-01 3.030241596183059216e-01 1.099991209230210928e-05 1.838612995186394766e-03
6.009575801047612131e+00 1.920570869387715110e-04 3.442051007815987718e-01 3.028770705786910100e-01 -1.452826303705023747e-04 -2.593039383214090776e-03
6.009611349553392934e+00 1.907767858529809193e-04 3.442167233920284120e-01 3.030845137293481373e-01 -1.920402503685636204e-04 -1.215749279026567820e-03
6.009536296438592551e+00 1.912125743531266483e-04 3.442320866120578970e-01 3.031817736716702627e-01 -1.042615771496002572e-04 4.265349584642308400e-03
